7taskbartweaker=v5.15.3 (March 1, 2025)
adoptiumjdk11linuxx64=jdk-11.0.28+6
adoptiumjdk11macx64=jdk-11.0.28+6
adoptiumjdk11windowsx64=jdk-11.0.28+6
adoptiumjdk17linuxx64=jdk-17.0.16+8
adoptiumjdk17macx64=jdk-17.0.16+8
adoptiumjdk17windowsx64=jdk-17.0.16+8
adoptiumjdk21linuxx64=jdk-21.0.8+9
adoptiumjdk21macx64=jdk-21.0.8+9
adoptiumjdk21windowsx64=jdk-21.0.8+9
adoptiumjdk8linuxx64=jdk8u462-b08
adoptiumjdk8macx64=jdk8u462-b08
adoptiumjdk8windowsx64=jdk8u462-b08
gpg4win=4.4.1 (2025-05-21)
go=go1.25.1
gradle=9.1.0
inkscape=1.4.2
intellijideaeap=2025.3 (253.20558.43) ~ 2025-09-19
intellijidea=2025.2.2 (252.26199.169) ~ 2025-09-19
klitecodecpackbasic=19.1.5 to 19.2.0 ~ 2025-09-16
lescastcodeursfrenchpodcast=LCC 330 - Nano banana l'AI de Julia
maven=4.0.0-rc-4
nodejscurrent=24.8.0
nodejslts=22.19.0
postgresql10=10.23
postgresql11=11.22
postgresql12=12.22
postgresql13=13.22
postgresql14=14.19
postgresql15=15.14
postgresql16=16.10
postgresql17=17.6
postgresql94=9.4.26
postgresql95=9.5.25
postgresql96=9.6.24
python3mac= 3.13.7
python3windows= 3.13.7
springboot=3.5.6.RELEASE
vlc=3.0.21
veracrypt=1.26.24
