7taskbartweaker=v5.15.2 (August 16, 2024)
adoptiumjdk11linuxx64=jdk-11.0.26+4
adoptiumjdk11macx64=jdk-11.0.26+4
adoptiumjdk11windowsx64=jdk-11.0.26+4
adoptiumjdk17linuxx64=jdk-17.0.14+7
adoptiumjdk17macx64=jdk-17.0.14+7
adoptiumjdk17windowsx64=jdk-17.0.14+7
adoptiumjdk21linuxx64=jdk-21.0.6+7
adoptiumjdk21macx64=jdk-21.0.6+7
adoptiumjdk21windowsx64=jdk-21.0.6+7
adoptiumjdk8linuxx64=jdk8u442-b06
adoptiumjdk8macx64=jdk8u442-b06
adoptiumjdk8windowsx64=jdk8u442-b06
gpg4win=4.4.0 (2024-11-27)
go=go1.24.0
gradle=8.12.1
inkscape=1.4
intellijideaeap=2025.1 (251.21418.62) ~ 2025-02-18
intellijidea=2024.3.3 (243.24978.46) ~ 2025-02-12
klitecodecpackbasic=18.7.5 to 18.8.0 ~ 2025-02-08
lescastcodeursfrenchpodcast=LCC 322 - Maaaaveeeeen 4 !
maven=4.0.0-rc-2
nodejscurrent=23.8.0
nodejslts=20.18.3
postgresql10=10.23
postgresql11=11.22
postgresql12=12.22
postgresql13=13.20
postgresql14=14.17
postgresql15=15.12
postgresql16=16.8
postgresql17=17.4
postgresql94=9.4.26
postgresql95=9.5.25
postgresql96=9.6.24
python3mac= 3.13.2
python3windows= 3.13.2
springboot=3.4.2.RELEASE
vlc=3.0.21
veracrypt=1.26.20
