7taskbartweaker=v5.15.3 (March 1, 2025)
adoptiumjdk11linuxx64=jdk-11.0.27+6
adoptiumjdk11macx64=jdk-11.0.27+6
adoptiumjdk11windowsx64=jdk-11.0.27+6
adoptiumjdk17linuxx64=jdk-17.0.15+6
adoptiumjdk17macx64=jdk-17.0.15+6
adoptiumjdk17windowsx64=jdk-17.0.15+6
adoptiumjdk21linuxx64=jdk-21.0.7+6
adoptiumjdk21macx64=jdk-21.0.7+6
adoptiumjdk21windowsx64=jdk-21.0.7+6
adoptiumjdk8linuxx64=jdk8u452-b09
adoptiumjdk8macx64=jdk8u452-b09
adoptiumjdk8windowsx64=jdk8u452-b09
gpg4win=4.4.1 (2025-05-21)
go=go1.24.3
gradle=8.14.1
inkscape=1.4.2
intellijideaeap=2025.2 (252.18003.27) ~ 2025-05-29
intellijidea=2025.1.1.1 (251.25410.129) ~ 2025-05-09
klitecodecpackbasic=18.9.0 to 18.9.5 ~ 2025-05-21
lescastcodeursfrenchpodcast=LCC 326 - Interview assistants de code IA avec Philippe Charrière et Kevin Aubry
maven=4.0.0-rc-3
nodejscurrent=24.1.0
nodejslts=22.16.0
postgresql10=10.23
postgresql11=11.22
postgresql12=12.22
postgresql13=13.21
postgresql14=14.18
postgresql15=15.13
postgresql16=16.9
postgresql17=17.5
postgresql94=9.4.26
postgresql95=9.5.25
postgresql96=9.6.24
python3mac= 3.13.3
python3windows= 3.13.3
springboot=3.5.0.RELEASE
vlc=3.0.21
veracrypt=1.26.24
