7taskbartweaker=v5.15.3 (March 1, 2025)
adoptiumjdk11linuxx64=jdk-11.0.28+6
adoptiumjdk11macx64=jdk-11.0.28+6
adoptiumjdk11windowsx64=jdk-11.0.28+6
adoptiumjdk17linuxx64=jdk-17.0.16+8
adoptiumjdk17macx64=jdk-17.0.16+8
adoptiumjdk17windowsx64=jdk-17.0.16+8
adoptiumjdk21linuxx64=jdk-21.0.8+9
adoptiumjdk21macx64=jdk-21.0.8+9
adoptiumjdk21windowsx64=jdk-21.0.8+9
adoptiumjdk8linuxx64=jdk8u462-b08
adoptiumjdk8macx64=jdk8u452-b09
adoptiumjdk8windowsx64=jdk8u452-b09
gpg4win=4.4.1 (2025-05-21)
go=go1.24.5
gradle=8.14.3
inkscape=1.4.2
intellijideaeap=2025.2 (252.23892.248) ~ 2025-07-18
intellijidea=2025.1.3 (251.26927.53) ~ 2025-06-23
klitecodecpackbasic=19.0.5 to 19.1.0 ~ 2025-07-24
lescastcodeursfrenchpodcast=LCC 328 - Expert généraliste cherche Virtual Thread
maven=4.0.0-rc-4
nodejscurrent=24.4.1
nodejslts=22.17.1
postgresql10=10.23
postgresql11=11.22
postgresql12=12.22
postgresql13=13.21
postgresql14=14.18
postgresql15=15.13
postgresql16=16.9
postgresql17=17.5
postgresql94=9.4.26
postgresql95=9.5.25
postgresql96=9.6.24
python3mac= 3.13.5
python3windows= 3.13.5
springboot=3.5.4.RELEASE
vlc=3.0.21
veracrypt=1.26.24
