# IntelliJ IDEA
IU.release.version=2026.1.1
IU.release.build=261.23567.138
IU.release.date=2026-04-23
IU.eap.version=2026.1.1
IU.eap.build=261.23567.71
IU.eap.date=2026-04-15

# Rider
RD.release.version=2026.1.0.1
RD.release.build=261.22158.394
RD.release.date=2026-04-09
RD.eap.version=2026.1-EAP8
RD.eap.build=261.22158.95
RD.eap.date=2026-03-12

# PyCharm
PC.release.version=2026.1
PC.release.build=261.22158.340
PC.release.date=2026-03-30
PC.eap.version=2026.1
PC.eap.build=261.22158.126
PC.eap.date=2026-03-13

# WebStorm
WS.release.version=2026.1
WS.release.build=261.22158.274
WS.release.date=2026-03-25
WS.eap.version=2026.1.1
WS.eap.build=261.23567.31
WS.eap.date=2026-04-09

# PhpStorm
PS.release.version=2026.1
PS.release.build=261.22158.283
PS.release.date=2026-03-26
PS.eap.version=2026.1.1
PS.eap.build=261.23567.32
PS.eap.date=2026-04-09

# CLion
CL.release.version=2026.1.1
CL.release.build=261.23567.135
CL.release.date=2026-04-23
CL.eap.version=2026.1
CL.eap.build=261.22158.118
CL.eap.date=2026-03-13

# GoLand
GO.release.version=2026.1.1
GO.release.build=261.23567.143
GO.release.date=2026-04-23
GO.eap.version=2026.1
GO.eap.build=261.22158.120
GO.eap.date=2026-03-13

# RubyMine
RM.release.version=2026.1.1
RM.release.build=261.23567.142
RM.release.date=2026-04-23
RM.eap.version=2026.1.1
RM.eap.build=261.23567.30
RM.eap.date=2026-04-09

# DataGrip
DG.release.version=2026.1.2
DG.release.build=261.23567.23
DG.release.date=2026-04-09
DG.eap.version=2026.1
DG.eap.build=261.21849.37
DG.eap.date=2026-02-27

# ReSharper
RS.release.version=2026.1.0.1
RS.release.build=2026.1.0.65537
RS.release.date=2026-04-09
RS.eap.version=
RS.eap.build=
RS.eap.date=

# RustRover
RR.release.version=2026.1.1
RR.release.build=261.23567.140
RR.release.date=2026-04-23
RR.eap.version=2026.1
RR.eap.build=261.22158.214
RR.eap.date=2026-03-20

