# IntelliJ IDEA
IU.release.version=2025.3.1.1
IU.release.build=253.29346.240
IU.release.date=2026-01-08
IU.eap.version=2025.3.2
IU.eap.build=253.30387.20
IU.eap.date=2026-01-14

# IntelliJ IDEA Community Edition
IC.release.version=2025.2.6.1
IC.release.build=252.28539.33
IC.release.date=2026-01-12
IC.eap.version=2025.2.2
IC.eap.build=252.26199.7
IC.eap.date=2025-09-03

# Rider
RD.release.version=2025.3.1
RD.release.build=253.29346.144
RD.release.date=2025-12-18
RD.eap.version=2025.3-EAP8
RD.eap.build=253.28086.30
RD.eap.date=2025-10-31

# PyCharm
PC.release.version=2025.3.1.1
PC.release.build=253.29346.308
PC.release.date=2026-01-12
PC.eap.version=2025.3
PC.eap.build=253.28294.166
PC.eap.date=2025-11-20

# WebStorm
WS.release.version=2025.3.1.1
WS.release.build=253.29346.242
WS.release.date=2026-01-08
WS.eap.version=2025.3.2
WS.eap.build=253.30387.24
WS.eap.date=2026-01-15

# PhpStorm
PS.release.version=2025.3.1.1
PS.release.build=253.29346.257
PS.release.date=2026-01-08
PS.eap.version=2025.3.2
PS.eap.build=253.30387.30
PS.eap.date=2026-01-15

# CLion
CL.release.version=2025.3.1.1
CL.release.build=253.29346.307
CL.release.date=2026-01-12
CL.eap.version=2025.3
CL.eap.build=253.28294.125
CL.eap.date=2025-11-14

# GoLand
GO.release.version=2025.3.1.1
GO.release.build=253.29346.379
GO.release.date=2026-01-14
GO.eap.version=2025.3
GO.eap.build=253.28294.175
GO.eap.date=2025-11-19

# RubyMine
RM.release.version=2025.3.1.1
RM.release.build=253.29346.331
RM.release.date=2026-01-12
RM.eap.version=2025.3.2
RM.eap.build=253.30387.23
RM.eap.date=2026-01-15

# DataGrip
DG.release.version=2025.3.3
DG.release.build=253.29346.270
DG.release.date=2026-01-09
DG.eap.version=2025.3
DG.eap.build=253.28294.90
DG.eap.date=2025-11-11

# ReSharper
RS.release.version=2025.3.1
RS.release.build=2025.3.1.65536
RS.release.date=2025-12-18
RS.eap.version=
RS.eap.build=
RS.eap.date=

# RustRover
RR.release.version=2025.3.2
RR.release.build=253.29346.361
RR.release.date=2026-01-14
RR.eap.version=2025.3
RR.eap.build=253.28294.188
RR.eap.date=2025-11-20

