# IntelliJ IDEA Ultimate
IU.release.version=2025.1.3
IU.release.build=251.26927.53
IU.release.date=2025-06-23
IU.eap.version=2025.2
IU.eap.build=252.23591.19
IU.eap.date=2025-06-26

# IntelliJ IDEA Community Edition
IC.release.version=2025.1.3
IC.release.build=251.26927.53
IC.release.date=2025-06-23
IC.eap.version=2025.2
IC.eap.build=252.23591.19
IC.eap.date=2025-06-26

# Rider
RD.release.version=2025.1.3
RD.release.build=251.26094.147
RD.release.date=2025-06-12
RD.eap.version=2025.2-EAP7
RD.eap.build=252.23591.27
RD.eap.date=2025-06-26

# PyCharm
PC.release.version=2025.1.2
PC.release.build=251.26094.141
PC.release.date=2025-06-11
PC.eap.version=2025.2
PC.eap.build=252.23309.36
PC.eap.date=2025-06-23

# WebStorm
WS.release.version=2025.1.3
WS.release.build=251.26927.40
WS.release.date=2025-06-23
WS.eap.version=2025.2
WS.eap.build=252.23309.26
WS.eap.date=2025-06-20

# PhpStorm
PS.release.version=2025.1.3
PS.release.build=251.26927.60
PS.release.date=2025-06-25
PS.eap.version=2025.2
PS.eap.build=252.23309.25
PS.eap.date=2025-06-20

# CLion
CL.release.version=2025.1.3
CL.release.build=251.26927.39
CL.release.date=2025-06-23
CL.eap.version=2025.2
CL.eap.build=252.23309.24
CL.eap.date=2025-06-20

# GoLand
GO.release.version=2025.1.3
GO.release.build=251.26927.50
GO.release.date=2025-06-23
GO.eap.version=2025.2
GO.eap.build=252.23309.35
GO.eap.date=2025-06-20

# RubyMine
RM.release.version=2025.1.3
RM.release.build=251.26927.47
RM.release.date=2025-06-23
RM.eap.version=2025.2
RM.eap.build=252.23309.23
RM.eap.date=2025-06-23

# DataGrip
DG.release.version=2025.1.3
DG.release.build=251.26094.87
DG.release.date=2025-05-28
DG.eap.version=2025.2
DG.eap.build=252.23309.5
DG.eap.date=2025-06-18

# ReSharper
RS.release.version=2025.1.3
RS.release.build=2025.1.3.65536
RS.release.date=2025-06-12
RS.eap.version=
RS.eap.build=
RS.eap.date=

# Aqua
QA.release.version=2024.3.2
QA.release.build=243.23654.154
QA.release.date=2025-01-24
QA.eap.version=
QA.eap.build=
QA.eap.date=

# RustRover
RR.release.version=2025.1.4
RR.release.build=251.26094.152
RR.release.date=2025-06-26
RR.eap.version=2025.2
RR.eap.build=252.23309.48
RR.eap.date=2025-06-23

