# IntelliJ IDEA
IU.release.version=2026.1
IU.release.build=261.22158.277
IU.release.date=2026-03-25
IU.eap.version=2026.1
IU.eap.build=261.22158.121
IU.eap.date=2026-03-13

# Rider
RD.release.version=2026.1
RD.release.build=261.22158.335
RD.release.date=2026-03-30
RD.eap.version=2026.1-EAP8
RD.eap.build=261.22158.95
RD.eap.date=2026-03-12

# PyCharm
PC.release.version=2025.3.4
PC.release.build=253.32098.74
PC.release.date=2026-03-25
PC.eap.version=2026.1
PC.eap.build=261.22158.126
PC.eap.date=2026-03-13

# WebStorm
WS.release.version=2026.1
WS.release.build=261.22158.274
WS.release.date=2026-03-25
WS.eap.version=2026.1
WS.eap.build=261.22158.132
WS.eap.date=2026-03-16

# PhpStorm
PS.release.version=2026.1
PS.release.build=261.22158.283
PS.release.date=2026-03-26
PS.eap.version=2026.1
PS.eap.build=261.22158.131
PS.eap.date=2026-03-13

# CLion
CL.release.version=2026.1
CL.release.build=261.22158.273
CL.release.date=2026-03-26
CL.eap.version=2026.1
CL.eap.build=261.22158.118
CL.eap.date=2026-03-13

# GoLand
GO.release.version=2026.1
GO.release.build=261.22158.291
GO.release.date=2026-03-26
GO.eap.version=2026.1
GO.eap.build=261.22158.120
GO.eap.date=2026-03-13

# RubyMine
RM.release.version=2026.1
RM.release.build=261.22158.284
RM.release.date=2026-03-26
RM.eap.version=2026.1
RM.eap.build=261.22158.124
RM.eap.date=2026-03-13

# DataGrip
DG.release.version=2026.1
DG.release.build=261.22158.299
DG.release.date=2026-03-26
DG.eap.version=2026.1
DG.eap.build=261.21849.37
DG.eap.date=2026-02-27

# ReSharper
RS.release.version=2026.1
RS.release.build=2026.1.0.65536
RS.release.date=2026-03-30
RS.eap.version=
RS.eap.build=
RS.eap.date=

# RustRover
RR.release.version=2025.3.5
RR.release.build=253.31033.204
RR.release.date=2026-03-12
RR.eap.version=2026.1
RR.eap.build=261.22158.214
RR.eap.date=2026-03-20

