# IntelliJ IDEA Ultimate
IU.release.version=2024.3.4.1
IU.release.build=243.25659.59
IU.release.date=2025-03-05
IU.eap.version=2025.1
IU.eap.build=251.23774.109
IU.eap.date=2025-03-14

# IntelliJ IDEA Community Edition
IC.release.version=2024.3.4.1
IC.release.build=243.25659.59
IC.release.date=2025-03-05
IC.eap.version=2025.1
IC.eap.build=251.23774.109
IC.eap.date=2025-03-14

# Rider
RD.release.version=2024.3.6
RD.release.build=243.25659.34
RD.release.date=2025-02-28
RD.eap.version=2025.1-EAP8
RD.eap.build=251.23774.118
RD.eap.date=2025-03-14

# PyCharm Professional Edition
PC.release.version=2024.3.4
PC.release.build=243.25659.43
PC.release.date=2025-02-27
PC.eap.version=2025.1
PC.eap.build=251.23774.37
PC.eap.date=2025-03-10

# WebStorm
WS.release.version=2024.3.5
WS.release.build=243.26053.12
WS.release.date=2025-03-13
WS.eap.version=2025.1
WS.eap.build=251.23774.34
WS.eap.date=2025-03-06

# PhpStorm
PS.release.version=2024.3.5
PS.release.build=243.26053.13
PS.release.date=2025-03-13
PS.eap.version=2025.1
PS.eap.build=251.23774.33
PS.eap.date=2025-03-06

# CLion
CL.release.version=2024.3.4
CL.release.build=243.25659.42
CL.release.date=2025-02-27
CL.eap.version=2025.1
CL.eap.build=251.23536.43
CL.eap.date=2025-03-03

# GoLand
GO.release.version=2024.3.5
GO.release.build=243.26053.20
GO.release.date=2025-03-13
GO.eap.version=2025.1
GO.eap.build=251.23774.117
GO.eap.date=2025-03-14

# RubyMine
RM.release.version=2024.3.4
RM.release.build=243.25659.41
RM.release.date=2025-02-28
RM.eap.version=2025.1
RM.eap.build=251.23774.25
RM.eap.date=2025-03-06

# DataGrip
DG.release.version=2024.3.5
DG.release.build=243.24978.79
DG.release.date=2025-02-20
DG.eap.version=2025.1
DG.eap.build=251.23536.38
DG.eap.date=2025-02-27

# ReSharper
RS.release.version=2024.3.6
RS.release.build=2024.3.6.65536
RS.release.date=2025-02-28
RS.eap.version=
RS.eap.build=
RS.eap.date=

# Aqua
QA.release.version=2024.3.2
QA.release.build=243.23654.154
QA.release.date=2025-01-24
QA.eap.version=
QA.eap.build=
QA.eap.date=

# RustRover
RR.release.version=2024.3.7
RR.release.build=243.26053.17
RR.release.date=2025-03-13
RR.eap.version=2025.1
RR.eap.build=251.23774.119
RR.eap.date=2025-03-14

