# IntelliJ IDEA
IU.release.version=2026.1.4
IU.release.build=261.26222.65
IU.release.date=2026-07-02
IU.eap.version=2026.2
IU.eap.build=262.8665.81
IU.eap.date=2026-07-02

# Rider
RD.release.version=2026.1.4
RD.release.build=261.26222.60
RD.release.date=2026-07-02
RD.eap.version=2026.2-EAP8
RD.eap.build=262.8377.34
RD.eap.date=2026-06-25

# PyCharm
PC.release.version=2026.1.3
PC.release.build=261.25134.203
PC.release.date=2026-06-23
PC.eap.version=2026.2
PC.eap.build=262.8377.41
PC.eap.date=2026-06-26

# WebStorm
WS.release.version=2026.1.4
WS.release.build=261.26222.58
WS.release.date=2026-07-02
WS.eap.version=2026.2
WS.eap.build=262.8665.84
WS.eap.date=2026-07-03

# PhpStorm
PS.release.version=2026.1.4
PS.release.build=261.26222.71
PS.release.date=2026-07-02
PS.eap.version=2026.2
PS.eap.build=262.8377.43
PS.eap.date=2026-06-25

# CLion
CL.release.version=2026.1.4
CL.release.build=261.26222.59
CL.release.date=2026-07-02
CL.eap.version=2026.2
CL.eap.build=262.8665.65
CL.eap.date=2026-07-02

# GoLand
GO.release.version=2026.1.4
GO.release.build=261.26222.72
GO.release.date=2026-07-02
GO.eap.version=2026.2
GO.eap.build=262.8665.86
GO.eap.date=2026-07-03

# RubyMine
RM.release.version=2026.1.4
RM.release.build=261.26222.67
RM.release.date=2026-07-02
RM.eap.version=2026.2
RM.eap.build=262.8665.80
RM.eap.date=2026-07-03

# DataGrip
DG.release.version=2026.1.3
DG.release.build=261.24374.56
DG.release.date=2026-05-05
DG.eap.version=2026.2
DG.eap.build=262.8377.45
DG.eap.date=2026-06-25

# ReSharper
RS.release.version=2026.1.4
RS.release.build=2026.1.4.65536
RS.release.date=2026-07-02
RS.eap.version=
RS.eap.build=
RS.eap.date=

# RustRover
RR.release.version=2026.1.4
RR.release.build=261.26222.73
RR.release.date=2026-07-03
RR.eap.version=2026.2
RR.eap.build=262.8377.49
RR.eap.date=2026-06-26

