# IntelliJ IDEA Ultimate
IU.release.version=2025.2.3
IU.release.build=252.26830.84
IU.release.date=2025-10-02
IU.eap.version=2025.3
IU.eap.build=253.27864.23
IU.eap.date=2025-10-22

# IntelliJ IDEA Community Edition
IC.release.version=2025.2.3
IC.release.build=252.26830.84
IC.release.date=2025-10-02
IC.eap.version=2025.2.2
IC.eap.build=252.26199.7
IC.eap.date=2025-09-03

# Rider
RD.release.version=2025.2.3
RD.release.build=252.26830.109
RD.release.date=2025-10-06
RD.eap.version=2025.3-EAP6
RD.eap.build=253.27642.42
RD.eap.date=2025-10-20

# PyCharm
PC.release.version=2025.2.3
PC.release.build=252.26830.99
PC.release.date=2025-10-03
PC.eap.version=2025.3
PC.eap.build=253.27642.35
PC.eap.date=2025-10-17

# WebStorm
WS.release.version=2025.2.3
WS.release.build=252.26830.93
WS.release.date=2025-10-02
WS.eap.version=2025.3
WS.eap.build=253.27864.34
WS.eap.date=2025-10-23

# PhpStorm
PS.release.version=2025.2.3
PS.release.build=252.26830.95
PS.release.date=2025-10-03
PS.eap.version=2025.3
PS.eap.build=253.27864.29
PS.eap.date=2025-10-23

# CLion
CL.release.version=2025.2.3
CL.release.build=252.26830.83
CL.release.date=2025-10-02
CL.eap.version=2025.3
CL.eap.build=253.27642.28
CL.eap.date=2025-10-20

# GoLand
GO.release.version=2025.2.3
GO.release.build=252.26830.102
GO.release.date=2025-10-03
GO.eap.version=2025.3
GO.eap.build=253.27864.37
GO.eap.date=2025-10-23

# RubyMine
RM.release.version=2025.2.3
RM.release.build=252.26830.94
RM.release.date=2025-10-03
RM.eap.version=2025.3
RM.eap.build=253.27864.17
RM.eap.date=2025-10-23

# DataGrip
DG.release.version=2025.2.4
DG.release.build=252.26830.46
DG.release.date=2025-10-01
DG.eap.version=2025.3
DG.eap.build=253.27642.17
DG.eap.date=2025-10-16

# ReSharper
RS.release.version=2025.2.3
RS.release.build=2025.2.3.65536
RS.release.date=2025-10-06
RS.eap.version=
RS.eap.build=
RS.eap.date=

# RustRover
RR.release.version=2025.2.3
RR.release.build=252.26830.136
RR.release.date=2025-10-09
RR.eap.version=2025.3
RR.eap.build=253.27864.40
RR.eap.date=2025-10-23

