# IntelliJ IDEA Ultimate
IU.release.version=2024.3.3
IU.release.build=243.24978.46
IU.release.date=2025-02-12
IU.eap.version=2025.1
IU.eap.build=251.21418.62
IU.eap.date=2025-02-18

# IntelliJ IDEA Community Edition
IC.release.version=2024.3.3
IC.release.build=243.24978.46
IC.release.date=2025-02-12
IC.eap.version=2025.1
IC.eap.build=251.21418.62
IC.eap.date=2025-02-18

# Rider
RD.release.version=2024.3.5
RD.release.build=243.24978.27
RD.release.date=2025-02-07
RD.eap.version=2025.1-EAP4
RD.eap.build=251.21418.63
RD.eap.date=2025-02-18

# PyCharm Professional Edition
PC.release.version=2024.3.3
PC.release.build=243.24978.54
PC.release.date=2025-02-13
PC.eap.version=2025.1
PC.eap.build=251.20015.54
PC.eap.date=2025-02-10

# WebStorm
WS.release.version=2024.3.3
WS.release.build=243.24978.60
WS.release.date=2025-02-13
WS.eap.version=2025.1
WS.eap.build=251.21418.42
WS.eap.date=2025-02-18

# PhpStorm
PS.release.version=2024.3.3
PS.release.build=243.24978.50
PS.release.date=2025-02-13
PS.eap.version=2025.1
PS.eap.build=251.20015.34
PS.eap.date=2025-02-07

# CLion
CL.release.version=2024.3.3
CL.release.build=243.24978.55
CL.release.date=2025-02-13
CL.eap.version=2025.1
CL.eap.build=251.20015.45
CL.eap.date=2025-02-10

# GoLand
GO.release.version=2024.3.3
GO.release.build=243.24978.59
GO.release.date=2025-02-13
GO.eap.version=2025.1
GO.eap.build=251.21418.70
GO.eap.date=2025-02-18

# RubyMine
RM.release.version=2024.3.3
RM.release.build=243.24978.74
RM.release.date=2025-02-18
RM.eap.version=2025.1
RM.eap.build=251.21418.43
RM.eap.date=2025-02-18

# DataGrip
DG.release.version=2024.3.5
DG.release.build=243.24978.79
DG.release.date=2025-02-20
DG.eap.version=2025.1
DG.eap.build=251.20015.44
DG.eap.date=2025-02-10

# ReSharper
RS.release.version=2024.3.5
RS.release.build=2024.3.5.65536
RS.release.date=2025-02-07
RS.eap.version=
RS.eap.build=
RS.eap.date=

# Aqua
QA.release.version=2024.3.2
QA.release.build=243.23654.154
QA.release.date=2025-01-24
QA.eap.version=
QA.eap.build=
QA.eap.date=

# RustRover
RR.release.version=2024.3.4
RR.release.build=243.23654.180
RR.release.date=2025-01-28
RR.eap.version=2025.1
RR.eap.build=251.20015.38
RR.eap.date=2025-02-07

