# IntelliJ IDEA Ultimate
IU.release.version=2024.3.5
IU.release.build=243.26053.27
IU.release.date=2025-03-18
IU.eap.version=2025.1
IU.eap.build=251.23774.200
IU.eap.date=2025-03-27

# IntelliJ IDEA Community Edition
IC.release.version=2024.3.5
IC.release.build=243.26053.27
IC.release.date=2025-03-18
IC.eap.version=2025.1
IC.eap.build=251.23774.200
IC.eap.date=2025-03-27

# Rider
RD.release.version=2024.3.6
RD.release.build=243.25659.34
RD.release.date=2025-02-28
RD.eap.version=2025.1-EAP9
RD.eap.build=251.23774.212
RD.eap.date=2025-03-27

# PyCharm Professional Edition
PC.release.version=2024.3.5
PC.release.build=243.26053.29
PC.release.date=2025-03-19
PC.eap.version=2025.1
PC.eap.build=251.23774.123
PC.eap.date=2025-03-17

# WebStorm
WS.release.version=2024.3.5
WS.release.build=243.26053.12
WS.release.date=2025-03-13
WS.eap.version=2025.1
WS.eap.build=251.23774.114
WS.eap.date=2025-03-14

# PhpStorm
PS.release.version=2024.3.5
PS.release.build=243.26053.13
PS.release.date=2025-03-13
PS.eap.version=2025.1
PS.eap.build=251.23774.209
PS.eap.date=2025-03-27

# CLion
CL.release.version=2024.3.5
CL.release.build=243.26053.34
CL.release.date=2025-03-24
CL.eap.version=2025.1
CL.eap.build=251.23774.112
CL.eap.date=2025-03-14

# GoLand
GO.release.version=2024.3.5
GO.release.build=243.26053.20
GO.release.date=2025-03-13
GO.eap.version=2025.1
GO.eap.build=251.23774.117
GO.eap.date=2025-03-14

# RubyMine
RM.release.version=2024.3.5
RM.release.build=243.26053.19
RM.release.date=2025-03-14
RM.eap.version=2025.1
RM.eap.build=251.23774.110
RM.eap.date=2025-03-14

# DataGrip
DG.release.version=2024.3.5
DG.release.build=243.24978.79
DG.release.date=2025-02-20
DG.eap.version=2025.1
DG.eap.build=251.23536.38
DG.eap.date=2025-02-27

# ReSharper
RS.release.version=2024.3.6
RS.release.build=2024.3.6.65536
RS.release.date=2025-02-28
RS.eap.version=
RS.eap.build=
RS.eap.date=

# Aqua
QA.release.version=2024.3.2
QA.release.build=243.23654.154
QA.release.date=2025-01-24
QA.eap.version=
QA.eap.build=
QA.eap.date=

# RustRover
RR.release.version=2024.3.7
RR.release.build=243.26053.17
RR.release.date=2025-03-13
RR.eap.version=2025.1
RR.eap.build=251.23774.119
RR.eap.date=2025-03-14

