# IntelliJ IDEA Ultimate
IU.release.version=2025.2.2
IU.release.build=252.26199.169
IU.release.date=2025-09-19
IU.eap.version=2025.3
IU.eap.build=253.22441.33
IU.eap.date=2025-09-25

# IntelliJ IDEA Community Edition
IC.release.version=2025.2.2
IC.release.build=252.26199.169
IC.release.date=2025-09-19
IC.eap.version=2025.2.2
IC.eap.build=252.26199.7
IC.eap.date=2025-09-03

# Rider
RD.release.version=2025.2.2.1
RD.release.build=252.26199.190
RD.release.date=2025-09-26
RD.eap.version=2025.3-EAP3
RD.eap.build=253.22441.41
RD.eap.date=2025-09-29

# PyCharm
PC.release.version=2025.2.2
PC.release.build=252.26199.168
PC.release.date=2025-09-22
PC.eap.version=2025.3
PC.eap.build=253.20558.58
PC.eap.date=2025-09-23

# WebStorm
WS.release.version=2025.2.2
WS.release.build=252.26199.162
WS.release.date=2025-09-18
WS.eap.version=2025.3
WS.eap.build=253.22441.34
WS.eap.date=2025-09-25

# PhpStorm
PS.release.version=2025.2.2
PS.release.build=252.26199.163
PS.release.date=2025-09-19
PS.eap.version=2025.3
PS.eap.build=253.22441.24
PS.eap.date=2025-09-25

# CLion
CL.release.version=2025.2.2
CL.release.build=252.26199.153
CL.release.date=2025-09-18
CL.eap.version=2025.3
CL.eap.build=253.22441.25
CL.eap.date=2025-09-24

# GoLand
GO.release.version=2025.2.2
GO.release.build=252.26199.158
GO.release.date=2025-09-18
GO.eap.version=2025.3
GO.eap.build=253.22441.23
GO.eap.date=2025-09-25

# RubyMine
RM.release.version=2025.2.2
RM.release.build=252.26199.157
RM.release.date=2025-09-19
RM.eap.version=2025.3
RM.eap.build=253.22441.1
RM.eap.date=2025-09-26

# DataGrip
DG.release.version=2025.2.4
DG.release.build=252.26830.46
DG.release.date=2025-10-01
DG.eap.version=2025.3
DG.eap.build=253.24325.21
DG.eap.date=2025-10-02

# ReSharper
RS.release.version=2025.2.2.1
RS.release.build=2025.2.2.65537
RS.release.date=2025-09-26
RS.eap.version=
RS.eap.build=
RS.eap.date=

# RustRover
RR.release.version=2025.2.2
RR.release.build=252.26199.159
RR.release.date=2025-09-18
RR.eap.version=2025.3
RR.eap.build=253.22441.30
RR.eap.date=2025-09-25

