# IntelliJ IDEA
IU.release.version=2025.3.2
IU.release.build=253.30387.90
IU.release.date=2026-01-22
IU.eap.version=2026.1
IU.eap.build=261.20869.38
IU.eap.date=2026-02-13

# Rider
RD.release.version=2025.3.3
RD.release.build=253.31033.136
RD.release.date=2026-02-19
RD.eap.version=2026.1-EAP5
RD.eap.build=261.21525.32
RD.eap.date=2026-02-20

# PyCharm
PC.release.version=2025.3.2.1
PC.release.build=253.30387.173
PC.release.date=2026-02-02
PC.eap.version=2026.1
PC.eap.build=261.20869.49
PC.eap.date=2026-02-13

# WebStorm
WS.release.version=2025.3.3
WS.release.build=253.31033.133
WS.release.date=2026-02-19
WS.eap.version=2026.1
WS.eap.build=261.21525.30
WS.eap.date=2026-02-20

# PhpStorm
PS.release.version=2025.3.3
PS.release.build=253.31033.138
PS.release.date=2026-02-20
PS.eap.version=2026.1
PS.eap.build=261.20869.47
PS.eap.date=2026-02-13

# CLion
CL.release.version=2025.3.3
CL.release.build=253.31033.134
CL.release.date=2026-02-19
CL.eap.version=2026.1
CL.eap.build=261.21525.25
CL.eap.date=2026-02-19

# GoLand
GO.release.version=2025.3.3
GO.release.build=253.31033.129
GO.release.date=2026-02-19
GO.eap.version=2026.1
GO.eap.build=261.21525.28
GO.eap.date=2026-02-19

# RubyMine
RM.release.version=2025.3.3
RM.release.build=253.31033.144
RM.release.date=2026-02-20
RM.eap.version=2026.1
RM.eap.build=261.21525.31
RM.eap.date=2026-02-19

# DataGrip
DG.release.version=2025.3.5
DG.release.build=253.31033.21
DG.release.date=2026-02-05
DG.eap.version=2026.1
DG.eap.build=261.20869.40
DG.eap.date=2026-02-13

# ReSharper
RS.release.version=2025.3.3
RS.release.build=2025.3.3.65536
RS.release.date=2026-02-19
RS.eap.version=
RS.eap.build=
RS.eap.date=

# RustRover
RR.release.version=2025.3.4
RR.release.build=253.31033.132
RR.release.date=2026-02-19
RR.eap.version=2026.1
RR.eap.build=261.21525.29
RR.eap.date=2026-02-19

