# IntelliJ IDEA
IU.release.version=2026.1.3
IU.release.build=261.25134.95
IU.release.date=2026-06-04
IU.eap.version=2026.2
IU.eap.build=262.7581.18
IU.eap.date=2026-06-12

# Rider
RD.release.version=2026.1.2
RD.release.build=261.24374.190
RD.release.date=2026-05-19
RD.eap.version=2026.2-EAP6
RD.eap.build=262.7581.24
RD.eap.date=2026-06-12

# PyCharm
PC.release.version=2026.1.2
PC.release.build=261.24374.152
PC.release.date=2026-05-15
PC.eap.version=2026.2
PC.eap.build=262.7132.31
PC.eap.date=2026-06-06

# WebStorm
WS.release.version=2026.1.3
WS.release.build=261.25134.101
WS.release.date=2026-06-04
WS.eap.version=2026.2
WS.eap.build=262.7581.20
WS.eap.date=2026-06-12

# PhpStorm
PS.release.version=2026.1.3
PS.release.build=261.25134.104
PS.release.date=2026-06-04
PS.eap.version=2026.2
PS.eap.build=262.7581.26
PS.eap.date=2026-06-12

# CLion
CL.release.version=2026.1.3
CL.release.build=261.25134.137
CL.release.date=2026-06-09
CL.eap.version=2026.2
CL.eap.build=262.7581.22
CL.eap.date=2026-06-12

# GoLand
GO.release.version=2026.1.3
GO.release.build=261.25134.147
GO.release.date=2026-06-10
GO.eap.version=2026.2
GO.eap.build=262.7581.19
GO.eap.date=2026-06-12

# RubyMine
RM.release.version=2026.1.3
RM.release.build=261.25134.97
RM.release.date=2026-06-04
RM.eap.version=2026.2
RM.eap.build=262.7581.17
RM.eap.date=2026-06-12

# DataGrip
DG.release.version=2026.1.3
DG.release.build=261.24374.56
DG.release.date=2026-05-05
DG.eap.version=2026.2
DG.eap.build=262.7581.3
DG.eap.date=2026-06-11

# ReSharper
RS.release.version=2026.1.2
RS.release.build=2026.1.2.65536
RS.release.date=2026-05-19
RS.eap.version=
RS.eap.build=
RS.eap.date=

# RustRover
RR.release.version=2026.1.3
RR.release.build=261.25134.134
RR.release.date=2026-06-09
RR.eap.version=2026.2
RR.eap.build=262.7581.25
RR.eap.date=2026-06-12

