# IntelliJ IDEA
IU.release.version=2025.3.2
IU.release.build=253.30387.90
IU.release.date=2026-01-22
IU.eap.version=2026.1
IU.eap.build=261.19799.20
IU.eap.date=2026-01-29

# Rider
RD.release.version=2025.3.2
RD.release.build=253.30387.148
RD.release.date=2026-01-29
RD.eap.version=2026.1-EAP2
RD.eap.build=261.19799.27
RD.eap.date=2026-01-30

# PyCharm
PC.release.version=2025.3.2
PC.release.build=253.30387.127
PC.release.date=2026-01-27
PC.eap.version=2026.1
PC.eap.build=261.17801.91
PC.eap.date=2026-01-28

# WebStorm
WS.release.version=2025.3.2
WS.release.build=253.30387.83
WS.release.date=2026-01-22
WS.eap.version=2026.1
WS.eap.build=261.17801.57
WS.eap.date=2026-01-21

# PhpStorm
PS.release.version=2025.3.2
PS.release.build=253.30387.85
PS.release.date=2026-01-22
PS.eap.version=2026.1
PS.eap.build=261.19799.22
PS.eap.date=2026-01-29

# CLion
CL.release.version=2025.3.2
CL.release.build=253.30387.78
CL.release.date=2026-01-22
CL.eap.version=2026.1
CL.eap.build=261.19799.16
CL.eap.date=2026-01-29

# GoLand
GO.release.version=2025.3.1.1
GO.release.build=253.29346.379
GO.release.date=2026-01-14
GO.eap.version=2026.1
GO.eap.build=261.19799.18
GO.eap.date=2026-01-29

# RubyMine
RM.release.version=2025.3.2
RM.release.build=253.30387.79
RM.release.date=2026-01-22
RM.eap.version=2026.1
RM.eap.build=261.17801.56
RM.eap.date=2026-01-21

# DataGrip
DG.release.version=2025.3.4
DG.release.build=253.30387.92
DG.release.date=2026-01-22
DG.eap.version=2025.3
DG.eap.build=253.28294.90
DG.eap.date=2025-11-11

# ReSharper
RS.release.version=2025.3.2
RS.release.build=2025.3.2.65536
RS.release.date=2026-01-29
RS.eap.version=
RS.eap.build=
RS.eap.date=

# RustRover
RR.release.version=2025.3.3
RR.release.build=253.30387.122
RR.release.date=2026-01-28
RR.eap.version=2026.1
RR.eap.build=261.19799.17
RR.eap.date=2026-01-29

