# IntelliJ IDEA Ultimate
IU.release.version=2025.1.1.1
IU.release.build=251.25410.129
IU.release.date=2025-05-09
IU.eap.version=2025.2
IU.eap.build=252.18003.27
IU.eap.date=2025-05-29

# IntelliJ IDEA Community Edition
IC.release.version=2025.1.1.1
IC.release.build=251.25410.129
IC.release.date=2025-05-09
IC.eap.version=2025.2
IC.eap.build=252.18003.27
IC.eap.date=2025-05-29

# Rider
RD.release.version=2025.1.2
RD.release.build=251.25410.119
RD.release.date=2025-05-08
RD.eap.version=2025.2-EAP2
RD.eap.build=252.16512.26
RD.eap.date=2025-05-22

# PyCharm
PC.release.version=2025.1.1.1
PC.release.build=251.25410.159
PC.release.date=2025-05-15
PC.eap.version=2025.2
PC.eap.build=252.18003.35
PC.eap.date=2025-05-30

# WebStorm
WS.release.version=2025.1.1
WS.release.build=251.25410.117
WS.release.date=2025-05-08
WS.eap.version=2025.2
WS.eap.build=252.18003.34
WS.eap.date=2025-05-30

# PhpStorm
PS.release.version=2025.1.1
PS.release.build=251.25410.148
PS.release.date=2025-05-13
PS.eap.version=2025.2
PS.eap.build=252.16512.27
PS.eap.date=2025-05-21

# CLion
CL.release.version=2025.1.1
CL.release.build=251.25410.104
CL.release.date=2025-05-07
CL.eap.version=2025.2
CL.eap.build=252.18003.25
CL.eap.date=2025-05-29

# GoLand
GO.release.version=2025.1.1
GO.release.build=251.25410.140
GO.release.date=2025-05-12
GO.eap.version=2025.2
GO.eap.build=252.18003.30
GO.eap.date=2025-05-30

# RubyMine
RM.release.version=2025.1.1
RM.release.build=251.25410.120
RM.release.date=2025-05-08
RM.eap.version=2025.2
RM.eap.build=252.18003.33
RM.eap.date=2025-05-30

# DataGrip
DG.release.version=2025.1.3
DG.release.build=251.26094.87
DG.release.date=2025-05-28
DG.eap.version=2025.1
DG.eap.build=251.23774.199
DG.eap.date=2025-03-27

# ReSharper
RS.release.version=2025.1.2
RS.release.build=2025.1.2.65536
RS.release.date=2025-05-08
RS.eap.version=
RS.eap.build=
RS.eap.date=

# Aqua
QA.release.version=2024.3.2
QA.release.build=243.23654.154
QA.release.date=2025-01-24
QA.eap.version=
QA.eap.build=
QA.eap.date=

# RustRover
RR.release.version=2025.1.3
RR.release.build=251.25410.170
RR.release.date=2025-05-28
RR.eap.version=2025.2
RR.eap.build=252.18003.32
RR.eap.date=2025-05-29

