# IntelliJ IDEA Ultimate
IU.release.version=2025.2.2
IU.release.build=252.26199.169
IU.release.date=2025-09-19
IU.eap.version=2025.3
IU.eap.build=253.20558.43
IU.eap.date=2025-09-19

# IntelliJ IDEA Community Edition
IC.release.version=2025.2.2
IC.release.build=252.26199.169
IC.release.date=2025-09-19
IC.eap.version=2025.2.2
IC.eap.build=252.26199.7
IC.eap.date=2025-09-03

# Rider
RD.release.version=2025.2.2
RD.release.build=252.26199.154
RD.release.date=2025-09-18
RD.eap.version=2025.3-EAP2
RD.eap.build=253.20558.59
RD.eap.date=2025-09-23

# PyCharm
PC.release.version=2025.2.2
PC.release.build=252.26199.168
PC.release.date=2025-09-22
PC.eap.version=2025.3
PC.eap.build=253.20558.58
PC.eap.date=2025-09-23

# WebStorm
WS.release.version=2025.2.2
WS.release.build=252.26199.162
WS.release.date=2025-09-18
WS.eap.version=2025.3
WS.eap.build=253.20558.45
WS.eap.date=2025-09-19

# PhpStorm
PS.release.version=2025.2.2
PS.release.build=252.26199.163
PS.release.date=2025-09-19
PS.eap.version=2025.3
PS.eap.build=253.20558.46
PS.eap.date=2025-09-19

# CLion
CL.release.version=2025.2.2
CL.release.build=252.26199.153
CL.release.date=2025-09-18
CL.eap.version=2025.3
CL.eap.build=253.20558.39
CL.eap.date=2025-09-19

# GoLand
GO.release.version=2025.2.2
GO.release.build=252.26199.158
GO.release.date=2025-09-18
GO.eap.version=2025.3
GO.eap.build=253.20558.37
GO.eap.date=2025-09-19

# RubyMine
RM.release.version=2025.2.2
RM.release.build=252.26199.157
RM.release.date=2025-09-19
RM.eap.version=2025.3
RM.eap.build=253.20558.44
RM.eap.date=2025-09-19

# DataGrip
DG.release.version=2025.2.3
DG.release.build=252.26199.73
DG.release.date=2025-09-11
DG.eap.version=2025.3
DG.eap.build=253.20558.12
DG.eap.date=2025-09-16

# ReSharper
RS.release.version=2025.2.2
RS.release.build=2025.2.2.65536
RS.release.date=2025-09-18
RS.eap.version=
RS.eap.build=
RS.eap.date=

# RustRover
RR.release.version=2025.2.2
RR.release.build=252.26199.159
RR.release.date=2025-09-18
RR.eap.version=2025.3
RR.eap.build=253.20558.40
RR.eap.date=2025-09-19

