# IntelliJ IDEA Ultimate
IU.release.version=2025.2.1
IU.release.build=252.25557.131
IU.release.date=2025-08-29
IU.eap.version=2025.2.2
IU.eap.build=252.26199.7
IU.eap.date=2025-09-03

# IntelliJ IDEA Community Edition
IC.release.version=2025.2.1
IC.release.build=252.25557.131
IC.release.date=2025-08-29
IC.eap.version=2025.2.2
IC.eap.build=252.26199.7
IC.eap.date=2025-09-03

# Rider
RD.release.version=2025.2.1
RD.release.build=252.25557.182
RD.release.date=2025-09-04
RD.eap.version=2025.2-EAP8
RD.eap.build=252.23892.102
RD.eap.date=2025-07-09

# PyCharm
PC.release.version=2025.2.1.1
PC.release.build=252.25557.178
PC.release.date=2025-09-03
PC.eap.version=2025.2
PC.eap.build=252.23892.194
PC.eap.date=2025-07-15

# WebStorm
WS.release.version=2025.2.1
WS.release.build=252.25557.126
WS.release.date=2025-08-29
WS.eap.version=2025.2.2
WS.eap.build=252.26199.11
WS.eap.date=2025-09-04

# PhpStorm
PS.release.version=2025.2.1
PS.release.build=252.25557.128
PS.release.date=2025-08-29
PS.eap.version=2025.2.2
PS.eap.build=252.26199.19
PS.eap.date=2025-09-04

# CLion
CL.release.version=2025.2.1
CL.release.build=252.25557.127
CL.release.date=2025-08-28
CL.eap.version=2025.2
CL.eap.build=252.23892.173
CL.eap.date=2025-07-15

# GoLand
GO.release.version=2025.2.1.1
GO.release.build=252.25557.187
GO.release.date=2025-09-09
GO.eap.version=2025.2
GO.eap.build=252.23892.238
GO.eap.date=2025-07-17

# RubyMine
RM.release.version=2025.2.1
RM.release.build=252.25557.135
RM.release.date=2025-09-02
RM.eap.version=2025.2.2
RM.eap.build=252.26199.10
RM.eap.date=2025-09-05

# DataGrip
DG.release.version=2025.2.2
DG.release.build=252.25557.34
DG.release.date=2025-08-14
DG.eap.version=2025.2
DG.eap.build=252.23892.150
DG.eap.date=2025-07-11

# ReSharper
RS.release.version=2025.2.1
RS.release.build=2025.2.1.65536
RS.release.date=2025-09-04
RS.eap.version=
RS.eap.build=
RS.eap.date=

# Aqua
QA.release.version=2024.3.2
QA.release.build=243.23654.154
QA.release.date=2025-01-24
QA.eap.version=
QA.eap.build=
QA.eap.date=

# RustRover
RR.release.version=2025.2.1
RR.release.build=252.25557.134
RR.release.date=2025-08-29
RR.eap.version=2025.2
RR.eap.build=252.23892.300
RR.eap.date=2025-07-23

