# IntelliJ IDEA
IU.release.version=2026.1.3
IU.release.build=261.25134.95
IU.release.date=2026-06-04
IU.eap.version=2026.2
IU.eap.build=262.8377.35
IU.eap.date=2026-06-25

# Rider
RD.release.version=2026.1.3
RD.release.build=261.25134.178
RD.release.date=2026-06-15
RD.eap.version=2026.2-EAP8
RD.eap.build=262.8377.34
RD.eap.date=2026-06-25

# PyCharm
PC.release.version=2026.1.3
PC.release.build=261.25134.203
PC.release.date=2026-06-23
PC.eap.version=2026.2
PC.eap.build=262.8377.41
PC.eap.date=2026-06-26

# WebStorm
WS.release.version=2026.1.3
WS.release.build=261.25134.101
WS.release.date=2026-06-04
WS.eap.version=2026.2
WS.eap.build=262.8377.39
WS.eap.date=2026-06-25

# PhpStorm
PS.release.version=2026.1.3
PS.release.build=261.25134.104
PS.release.date=2026-06-04
PS.eap.version=2026.2
PS.eap.build=262.8377.43
PS.eap.date=2026-06-25

# CLion
CL.release.version=2026.1.3
CL.release.build=261.25134.137
CL.release.date=2026-06-09
CL.eap.version=2026.2
CL.eap.build=262.8377.40
CL.eap.date=2026-06-25

# GoLand
GO.release.version=2026.1.3
GO.release.build=261.25134.147
GO.release.date=2026-06-10
GO.eap.version=2026.2
GO.eap.build=262.8377.37
GO.eap.date=2026-06-25

# RubyMine
RM.release.version=2026.1.3
RM.release.build=261.25134.97
RM.release.date=2026-06-04
RM.eap.version=2026.2
RM.eap.build=262.8117.46
RM.eap.date=2026-06-22

# DataGrip
DG.release.version=2026.1.3
DG.release.build=261.24374.56
DG.release.date=2026-05-05
DG.eap.version=2026.2
DG.eap.build=262.8377.45
DG.eap.date=2026-06-25

# ReSharper
RS.release.version=2026.1.3
RS.release.build=2026.1.3.65536
RS.release.date=2026-06-15
RS.eap.version=
RS.eap.build=
RS.eap.date=

# RustRover
RR.release.version=2026.1.3
RR.release.build=261.25134.134
RR.release.date=2026-06-09
RR.eap.version=2026.2
RR.eap.build=262.8117.29
RR.eap.date=2026-06-19

