# IntelliJ IDEA
IU.release.version=2026.1.3
IU.release.build=261.25134.95
IU.release.date=2026-06-04
IU.eap.version=2026.2
IU.eap.build=262.7132.23
IU.eap.date=2026-06-04

# Rider
RD.release.version=2026.1.2
RD.release.build=261.24374.190
RD.release.date=2026-05-19
RD.eap.version=2026.2-EAP4
RD.eap.build=262.6653.32
RD.eap.date=2026-05-28

# PyCharm
PC.release.version=2026.1.2
PC.release.build=261.24374.152
PC.release.date=2026-05-15
PC.eap.version=2026.2
PC.eap.build=262.6653.28
PC.eap.date=2026-05-29

# WebStorm
WS.release.version=2026.1.3
WS.release.build=261.25134.101
WS.release.date=2026-06-04
WS.eap.version=2026.2
WS.eap.build=262.6653.15
WS.eap.date=2026-05-28

# PhpStorm
PS.release.version=2026.1.2
PS.release.build=261.24374.185
PS.release.date=2026-05-19
PS.eap.version=2026.2
PS.eap.build=262.6653.37
PS.eap.date=2026-05-28

# CLion
CL.release.version=2026.1.2
CL.release.build=261.24374.148
CL.release.date=2026-05-18
CL.eap.version=2026.2
CL.eap.build=262.6653.16
CL.eap.date=2026-05-28

# GoLand
GO.release.version=2026.1.2
GO.release.build=261.24374.154
GO.release.date=2026-05-15
GO.eap.version=2026.2
GO.eap.build=262.6653.43
GO.eap.date=2026-05-29

# RubyMine
RM.release.version=2026.1.3
RM.release.build=261.25134.97
RM.release.date=2026-06-04
RM.eap.version=2026.2
RM.eap.build=262.6653.30
RM.eap.date=2026-05-28

# DataGrip
DG.release.version=2026.1.3
DG.release.build=261.24374.56
DG.release.date=2026-05-05
DG.eap.version=2026.2
DG.eap.build=262.6653.38
DG.eap.date=2026-05-29

# ReSharper
RS.release.version=2026.1.2
RS.release.build=2026.1.2.65536
RS.release.date=2026-05-19
RS.eap.version=
RS.eap.build=
RS.eap.date=

# RustRover
RR.release.version=2026.1.2
RR.release.build=261.24374.182
RR.release.date=2026-05-18
RR.eap.version=2026.2
RR.eap.build=262.6653.33
RR.eap.date=2026-05-28

