# IntelliJ IDEA Ultimate
IU.release.version=2025.2.1
IU.release.build=252.25557.131
IU.release.date=2025-08-29
IU.eap.version=2025.2.1
IU.eap.build=252.25557.23
IU.eap.date=2025-08-13

# IntelliJ IDEA Community Edition
IC.release.version=2025.2.1
IC.release.build=252.25557.131
IC.release.date=2025-08-29
IC.eap.version=2025.2.1
IC.eap.build=252.25557.23
IC.eap.date=2025-08-13

# Rider
RD.release.version=2025.2.0.1
RD.release.build=252.23892.537
RD.release.date=2025-08-21
RD.eap.version=2025.2-EAP8
RD.eap.build=252.23892.102
RD.eap.date=2025-07-09

# PyCharm
PC.release.version=2025.2.1.1
PC.release.build=252.25557.178
PC.release.date=2025-09-03
PC.eap.version=2025.2
PC.eap.build=252.23892.194
PC.eap.date=2025-07-15

# WebStorm
WS.release.version=2025.2.1
WS.release.build=252.25557.126
WS.release.date=2025-08-29
WS.eap.version=2025.2.1
WS.eap.build=252.25557.32
WS.eap.date=2025-08-14

# PhpStorm
PS.release.version=2025.2.1
PS.release.build=252.25557.128
PS.release.date=2025-08-29
PS.eap.version=2025.2.1
PS.eap.build=252.25557.26
PS.eap.date=2025-08-14

# CLion
CL.release.version=2025.2.1
CL.release.build=252.25557.127
CL.release.date=2025-08-28
CL.eap.version=2025.2
CL.eap.build=252.23892.173
CL.eap.date=2025-07-15

# GoLand
GO.release.version=2025.2.1
GO.release.build=252.25557.175
GO.release.date=2025-09-03
GO.eap.version=2025.2
GO.eap.build=252.23892.238
GO.eap.date=2025-07-17

# RubyMine
RM.release.version=2025.2.1
RM.release.build=252.25557.135
RM.release.date=2025-09-02
RM.eap.version=2025.2.1
RM.eap.build=252.25557.4
RM.eap.date=2025-08-20

# DataGrip
DG.release.version=2025.2.2
DG.release.build=252.25557.34
DG.release.date=2025-08-14
DG.eap.version=2025.2
DG.eap.build=252.23892.150
DG.eap.date=2025-07-11

# ReSharper
RS.release.version=2025.2.0.1
RS.release.build=2025.2.0.65537
RS.release.date=2025-08-21
RS.eap.version=
RS.eap.build=
RS.eap.date=

# Aqua
QA.release.version=2024.3.2
QA.release.build=243.23654.154
QA.release.date=2025-01-24
QA.eap.version=
QA.eap.build=
QA.eap.date=

# RustRover
RR.release.version=2025.2.1
RR.release.build=252.25557.134
RR.release.date=2025-08-29
RR.eap.version=2025.2
RR.eap.build=252.23892.300
RR.eap.date=2025-07-23

