# IntelliJ IDEA Ultimate
IU.release.version=2025.2.4
IU.release.build=252.27397.103
IU.release.date=2025-10-23
IU.eap.version=2025.3
IU.eap.build=253.27864.23
IU.eap.date=2025-10-22

# IntelliJ IDEA Community Edition
IC.release.version=2025.2.4
IC.release.build=252.27397.103
IC.release.date=2025-10-23
IC.eap.version=2025.2.2
IC.eap.build=252.26199.7
IC.eap.date=2025-09-03

# Rider
RD.release.version=2025.2.3
RD.release.build=252.26830.109
RD.release.date=2025-10-06
RD.eap.version=2025.3-EAP7
RD.eap.build=253.27864.44
RD.eap.date=2025-10-24

# PyCharm
PC.release.version=2025.2.4
PC.release.build=252.27397.106
PC.release.date=2025-10-23
PC.eap.version=2025.3
PC.eap.build=253.27864.50
PC.eap.date=2025-10-27

# WebStorm
WS.release.version=2025.2.4
WS.release.build=252.27397.92
WS.release.date=2025-10-24
WS.eap.version=2025.3
WS.eap.build=253.27864.34
WS.eap.date=2025-10-23

# PhpStorm
PS.release.version=2025.2.4
PS.release.build=252.27397.112
PS.release.date=2025-10-24
PS.eap.version=2025.3
PS.eap.build=253.27864.29
PS.eap.date=2025-10-23

# CLion
CL.release.version=2025.2.4
CL.release.build=252.27397.114
CL.release.date=2025-10-27
CL.eap.version=2025.3
CL.eap.build=253.27642.28
CL.eap.date=2025-10-20

# GoLand
GO.release.version=2025.2.4
GO.release.build=252.27397.100
GO.release.date=2025-10-24
GO.eap.version=2025.3
GO.eap.build=253.27864.37
GO.eap.date=2025-10-23

# RubyMine
RM.release.version=2025.2.4
RM.release.build=252.27397.109
RM.release.date=2025-10-24
RM.eap.version=2025.3
RM.eap.build=253.27864.17
RM.eap.date=2025-10-23

# DataGrip
DG.release.version=2025.2.4
DG.release.build=252.26830.46
DG.release.date=2025-10-01
DG.eap.version=2025.3
DG.eap.build=253.27864.43
DG.eap.date=2025-10-23

# ReSharper
RS.release.version=2025.2.3
RS.release.build=2025.2.3.65536
RS.release.date=2025-10-06
RS.eap.version=
RS.eap.build=
RS.eap.date=

# RustRover
RR.release.version=2025.2.4
RR.release.build=252.27397.120
RR.release.date=2025-10-27
RR.eap.version=2025.3
RR.eap.build=253.27864.40
RR.eap.date=2025-10-23

