# IntelliJ IDEA
IU.release.version=2025.3.2
IU.release.build=253.30387.90
IU.release.date=2026-01-22
IU.eap.version=2026.1
IU.eap.build=261.20869.38
IU.eap.date=2026-02-13

# Rider
RD.release.version=2025.3.2
RD.release.build=253.30387.148
RD.release.date=2026-01-29
RD.eap.version=2026.1-EAP3
RD.eap.build=261.20362.35
RD.eap.date=2026-02-06

# PyCharm
PC.release.version=2025.3.2.1
PC.release.build=253.30387.173
PC.release.date=2026-02-02
PC.eap.version=2026.1
PC.eap.build=261.20869.49
PC.eap.date=2026-02-13

# WebStorm
WS.release.version=2025.3.2
WS.release.build=253.30387.83
WS.release.date=2026-01-22
WS.eap.version=2026.1
WS.eap.build=261.20869.44
WS.eap.date=2026-02-13

# PhpStorm
PS.release.version=2025.3.2
PS.release.build=253.30387.85
PS.release.date=2026-01-22
PS.eap.version=2026.1
PS.eap.build=261.20869.47
PS.eap.date=2026-02-13

# CLion
CL.release.version=2025.3.2
CL.release.build=253.30387.78
CL.release.date=2026-01-22
CL.eap.version=2026.1
CL.eap.build=261.20869.37
CL.eap.date=2026-02-13

# GoLand
GO.release.version=2025.3.2
GO.release.build=253.30387.193
GO.release.date=2026-02-09
GO.eap.version=2026.1
GO.eap.build=261.20869.48
GO.eap.date=2026-02-13

# RubyMine
RM.release.version=2025.3.2
RM.release.build=253.30387.79
RM.release.date=2026-01-22
RM.eap.version=2026.1
RM.eap.build=261.20869.43
RM.eap.date=2026-02-13

# DataGrip
DG.release.version=2025.3.5
DG.release.build=253.31033.21
DG.release.date=2026-02-05
DG.eap.version=2026.1
DG.eap.build=261.20869.40
DG.eap.date=2026-02-13

# ReSharper
RS.release.version=2025.3.2
RS.release.build=2025.3.2.65536
RS.release.date=2026-01-29
RS.eap.version=
RS.eap.build=
RS.eap.date=

# RustRover
RR.release.version=2025.3.3
RR.release.build=253.30387.122
RR.release.date=2026-01-28
RR.eap.version=2026.1
RR.eap.build=261.20869.45
RR.eap.date=2026-02-13

