# IntelliJ IDEA Ultimate
IU.release.version=2025.1.1
IU.release.build=251.25410.109
IU.release.date=2025-05-07
IU.eap.version=2025.1.1
IU.eap.build=251.25410.28
IU.eap.date=2025-04-24

# IntelliJ IDEA Community Edition
IC.release.version=2025.1.1
IC.release.build=251.25410.109
IC.release.date=2025-05-07
IC.eap.version=2025.1.1
IC.eap.build=251.25410.28
IC.eap.date=2025-04-24

# Rider
RD.release.version=2025.1.1
RD.release.build=251.23774.471
RD.release.date=2025-04-28
RD.eap.version=2025.1-EAP9
RD.eap.build=251.23774.212
RD.eap.date=2025-03-27

# PyCharm
PC.release.version=2025.1.1
PC.release.build=251.25410.122
PC.release.date=2025-05-08
PC.eap.version=2025.1
PC.eap.build=251.23774.354
PC.eap.date=2025-04-11

# WebStorm
WS.release.version=2025.1.1
WS.release.build=251.25410.117
WS.release.date=2025-05-08
WS.eap.version=2025.1.1
WS.eap.build=251.25410.23
WS.eap.date=2025-04-25

# PhpStorm
PS.release.version=2025.1.0.1
PS.release.build=251.23774.466
PS.release.date=2025-04-24
PS.eap.version=2025.1.1
PS.eap.build=251.25410.34
PS.eap.date=2025-04-25

# CLion
CL.release.version=2025.1.1
CL.release.build=251.25410.104
CL.release.date=2025-05-07
CL.eap.version=2025.1
CL.eap.build=251.23774.202
CL.eap.date=2025-03-27

# GoLand
GO.release.version=2025.1
GO.release.build=251.23774.430
GO.release.date=2025-04-16
GO.eap.version=2025.1
GO.eap.build=251.23774.216
GO.eap.date=2025-03-27

# RubyMine
RM.release.version=2025.1.1
RM.release.build=251.25410.120
RM.release.date=2025-05-08
RM.eap.version=2025.1.1
RM.eap.build=251.25410.31
RM.eap.date=2025-04-25

# DataGrip
DG.release.version=2025.1.1
DG.release.build=251.25410.75
DG.release.date=2025-05-02
DG.eap.version=2025.1
DG.eap.build=251.23774.199
DG.eap.date=2025-03-27

# ReSharper
RS.release.version=2025.1.1
RS.release.build=2025.1.1.65536
RS.release.date=2025-04-28
RS.eap.version=
RS.eap.build=
RS.eap.date=

# Aqua
QA.release.version=2024.3.2
QA.release.build=243.23654.154
QA.release.date=2025-01-24
QA.eap.version=
QA.eap.build=
QA.eap.date=

# RustRover
RR.release.version=2025.1.2
RR.release.build=251.25410.115
RR.release.date=2025-05-07
RR.eap.version=2025.1
RR.eap.build=251.23774.316
RR.eap.date=2025-04-08

