# IntelliJ IDEA Ultimate
IU.release.version=2025.1.2
IU.release.build=251.26094.121
IU.release.date=2025-06-04
IU.eap.version=2025.2
IU.eap.build=252.19874.12
IU.eap.date=2025-06-04

# IntelliJ IDEA Community Edition
IC.release.version=2025.1.2
IC.release.build=251.26094.121
IC.release.date=2025-06-04
IC.eap.version=2025.2
IC.eap.build=252.19874.12
IC.eap.date=2025-06-04

# Rider
RD.release.version=2025.1.2
RD.release.build=251.25410.119
RD.release.date=2025-05-08
RD.eap.version=2025.2-EAP4
RD.eap.build=252.19874.38
RD.eap.date=2025-06-10

# PyCharm
PC.release.version=2025.1.1.1
PC.release.build=251.25410.159
PC.release.date=2025-05-15
PC.eap.version=2025.2
PC.eap.build=252.18003.35
PC.eap.date=2025-05-30

# WebStorm
WS.release.version=2025.1.2
WS.release.build=251.26094.131
WS.release.date=2025-06-04
WS.eap.version=2025.2
WS.eap.build=252.19874.19
WS.eap.date=2025-06-05

# PhpStorm
PS.release.version=2025.1.2
PS.release.build=251.26094.133
PS.release.date=2025-06-06
PS.eap.version=2025.2
PS.eap.build=252.19874.20
PS.eap.date=2025-06-04

# CLion
CL.release.version=2025.1.2
CL.release.build=251.26094.123
CL.release.date=2025-06-05
CL.eap.version=2025.2
CL.eap.build=252.19874.7
CL.eap.date=2025-06-04

# GoLand
GO.release.version=2025.1.2
GO.release.build=251.26094.127
GO.release.date=2025-06-05
GO.eap.version=2025.2
GO.eap.build=252.19874.29
GO.eap.date=2025-06-06

# RubyMine
RM.release.version=2025.1.2
RM.release.build=251.26094.122
RM.release.date=2025-06-05
RM.eap.version=2025.2
RM.eap.build=252.19874.1
RM.eap.date=2025-06-06

# DataGrip
DG.release.version=2025.1.3
DG.release.build=251.26094.87
DG.release.date=2025-05-28
DG.eap.version=2025.1
DG.eap.build=251.23774.199
DG.eap.date=2025-03-27

# ReSharper
RS.release.version=2025.1.2
RS.release.build=2025.1.2.65536
RS.release.date=2025-05-08
RS.eap.version=
RS.eap.build=
RS.eap.date=

# Aqua
QA.release.version=2024.3.2
QA.release.build=243.23654.154
QA.release.date=2025-01-24
QA.eap.version=
QA.eap.build=
QA.eap.date=

# RustRover
RR.release.version=2025.1.3
RR.release.build=251.25410.170
RR.release.date=2025-05-28
RR.eap.version=2025.2
RR.eap.build=252.18003.32
RR.eap.date=2025-05-29

