# IntelliJ IDEA
IU.release.version=2025.3
IU.release.build=253.28294.334
IU.release.date=2025-12-08
IU.eap.version=2025.3
IU.eap.build=253.28294.169
IU.eap.date=2025-11-19

# IntelliJ IDEA Community Edition
IC.release.version=2025.2.6
IC.release.build=252.28539.13
IC.release.date=2025-12-11
IC.eap.version=2025.2.2
IC.eap.build=252.26199.7
IC.eap.date=2025-09-03

# Rider
RD.release.version=2025.3.0.4
RD.release.build=253.28294.356
RD.release.date=2025-12-11
RD.eap.version=2025.3-EAP8
RD.eap.build=253.28086.30
RD.eap.date=2025-10-31

# PyCharm
PC.release.version=2025.3
PC.release.build=253.28294.336
PC.release.date=2025-12-08
PC.eap.version=2025.3
PC.eap.build=253.28294.166
PC.eap.date=2025-11-20

# WebStorm
WS.release.version=2025.3
WS.release.build=253.28294.332
WS.release.date=2025-12-08
WS.eap.version=2025.3
WS.eap.build=253.28294.86
WS.eap.date=2025-11-10

# PhpStorm
PS.release.version=2025.3
PS.release.build=253.28294.345
PS.release.date=2025-12-08
PS.eap.version=2025.3
PS.eap.build=253.28294.163
PS.eap.date=2025-11-19

# CLion
CL.release.version=2025.3
CL.release.build=253.28294.335
CL.release.date=2025-12-08
CL.eap.version=2025.3
CL.eap.build=253.28294.125
CL.eap.date=2025-11-14

# GoLand
GO.release.version=2025.3
GO.release.build=253.28294.337
GO.release.date=2025-12-08
GO.eap.version=2025.3
GO.eap.build=253.28294.175
GO.eap.date=2025-11-19

# RubyMine
RM.release.version=2025.3
RM.release.build=253.28294.331
RM.release.date=2025-12-08
RM.eap.version=2025.3
RM.eap.build=253.28294.170
RM.eap.date=2025-11-19

# DataGrip
DG.release.version=2025.3
DG.release.build=253.28294.259
DG.release.date=2025-12-02
DG.eap.version=2025.3
DG.eap.build=253.28294.90
DG.eap.date=2025-11-11

# ReSharper
RS.release.version=2025.3.0.4
RS.release.build=2025.3.0.65540
RS.release.date=2025-12-11
RS.eap.version=
RS.eap.build=
RS.eap.date=

# RustRover
RR.release.version=2025.3
RR.release.build=253.28294.352
RR.release.date=2025-12-09
RR.eap.version=2025.3
RR.eap.build=253.28294.188
RR.eap.date=2025-11-20

