# IntelliJ IDEA Ultimate
IU.release.version=2025.2.5
IU.release.build=252.28238.7
IU.release.date=2025-11-20
IU.eap.version=2025.3
IU.eap.build=253.28294.169
IU.eap.date=2025-11-19

# IntelliJ IDEA Community Edition
IC.release.version=2025.2.5
IC.release.build=252.28238.7
IC.release.date=2025-11-20
IC.eap.version=2025.2.2
IC.eap.build=252.26199.7
IC.eap.date=2025-09-03

# Rider
RD.release.version=2025.3.0.2
RD.release.build=253.28294.189
RD.release.date=2025-11-20
RD.eap.version=2025.3-EAP8
RD.eap.build=253.28086.30
RD.eap.date=2025-10-31

# PyCharm
PC.release.version=2025.2.4
PC.release.build=252.27397.106
PC.release.date=2025-10-23
PC.eap.version=2025.3
PC.eap.build=253.28294.166
PC.eap.date=2025-11-20

# WebStorm
WS.release.version=2025.2.5
WS.release.build=252.28238.10
WS.release.date=2025-11-21
WS.eap.version=2025.3
WS.eap.build=253.28294.86
WS.eap.date=2025-11-10

# PhpStorm
PS.release.version=2025.2.5
PS.release.build=252.28238.9
PS.release.date=2025-11-21
PS.eap.version=2025.3
PS.eap.build=253.28294.163
PS.eap.date=2025-11-19

# CLion
CL.release.version=2025.2.5
CL.release.build=252.28238.22
CL.release.date=2025-11-26
CL.eap.version=2025.3
CL.eap.build=253.28294.125
CL.eap.date=2025-11-14

# GoLand
GO.release.version=2025.2.4
GO.release.build=252.27397.100
GO.release.date=2025-10-24
GO.eap.version=2025.3
GO.eap.build=253.28294.175
GO.eap.date=2025-11-19

# RubyMine
RM.release.version=2025.2.5
RM.release.build=252.28238.3
RM.release.date=2025-11-25
RM.eap.version=2025.3
RM.eap.build=253.28294.170
RM.eap.date=2025-11-19

# DataGrip
DG.release.version=2025.2.4
DG.release.build=252.26830.46
DG.release.date=2025-10-01
DG.eap.version=2025.3
DG.eap.build=253.28294.90
DG.eap.date=2025-11-11

# ReSharper
RS.release.version=2025.3.0.2
RS.release.build=2025.3.0.65538
RS.release.date=2025-11-20
RS.eap.version=
RS.eap.build=
RS.eap.date=

# RustRover
RR.release.version=2025.2.4.1
RR.release.build=252.27397.133
RR.release.date=2025-11-03
RR.eap.version=2025.3
RR.eap.build=253.28294.188
RR.eap.date=2025-11-20

