# IntelliJ IDEA
IU.release.version=2026.1.2
IU.release.build=261.24374.151
IU.release.date=2026-05-15
IU.eap.version=2026.2
IU.eap.build=262.5752.32
IU.eap.date=2026-05-14

# Rider
RD.release.version=2026.1.1
RD.release.build=261.23567.144
RD.release.date=2026-04-27
RD.eap.version=2026.2-EAP2
RD.eap.build=262.5752.33
RD.eap.date=2026-05-15

# PyCharm
PC.release.version=2026.1.2
PC.release.build=261.24374.152
PC.release.date=2026-05-15
PC.eap.version=2026.2
PC.eap.build=262.5752.27
PC.eap.date=2026-05-15

# WebStorm
WS.release.version=2026.1.2
WS.release.build=261.24374.125
WS.release.date=2026-05-15
WS.eap.version=2026.2
WS.eap.build=262.5752.26
WS.eap.date=2026-05-14

# PhpStorm
PS.release.version=2026.1.2
PS.release.build=261.24374.185
PS.release.date=2026-05-19
PS.eap.version=2026.2
PS.eap.build=262.5752.40
PS.eap.date=2026-05-15

# CLion
CL.release.version=2026.1.2
CL.release.build=261.24374.148
CL.release.date=2026-05-18
CL.eap.version=2026.2
CL.eap.build=262.5752.34
CL.eap.date=2026-05-15

# GoLand
GO.release.version=2026.1.2
GO.release.build=261.24374.154
GO.release.date=2026-05-15
GO.eap.version=2026.2
GO.eap.build=262.5752.31
GO.eap.date=2026-05-14

# RubyMine
RM.release.version=2026.1.2
RM.release.build=261.24374.145
RM.release.date=2026-05-15
RM.eap.version=2026.2
RM.eap.build=262.5752.24
RM.eap.date=2026-05-14

# DataGrip
DG.release.version=2026.1.3
DG.release.build=261.24374.56
DG.release.date=2026-05-05
DG.eap.version=2026.2
DG.eap.build=262.5752.1
DG.eap.date=2026-05-13

# ReSharper
RS.release.version=2026.1.1
RS.release.build=2026.1.1.65537
RS.release.date=2026-04-27
RS.eap.version=
RS.eap.build=
RS.eap.date=

# RustRover
RR.release.version=2026.1.2
RR.release.build=261.24374.182
RR.release.date=2026-05-18
RR.eap.version=2026.2
RR.eap.build=262.5752.29
RR.eap.date=2026-05-14

